room_reverb_Rand0.93_0.46_0.52_6.2_11.34_1.81_8.44_-0.39_0.53_0.39_0.33_0.14 0.49720143612862006 0.19672384839504556 9.333333333333334
room_reverb_Rand0.06_0.21_0.78_9.12_9.26_2.12_15.67_-0.61_0.99_0.52_0.39_0.17 0.5007325094472801 0.1980424132397767 9.125
room_reverb_Rand0.05_0.05_0.08_11.91_14.65_11.0_13.57_0.02_1.75_0.27_0.54_0.7 0.5014606832178979 0.19831848702612587 9.0
room_reverb_Rand0.68_0.3_0.37_6.94_9.51_1.69_3.11_0.37_3.77_0.39_0.6_0.33 0.4999244386721723 0.19712163053977275 8.666666666666666
room_reverb_Rand0.67_0.2_0.23_2.04_8.59_1.33_5.02_-0.31_1.19_0.3_0.57_0.44 0.5005603003088008 0.19646450189972897 8.714285714285714
room_reverb_Rand0.37_0.24_0.93_4.42_15.53_1.78_3.31_0.16_1.71_0.47_0.57_0.3 0.5015605528606948 0.19638862823508688 8.375
room_reverb_Rand0.25_0.03_0.81_11.38_15.83_3.92_5.8_-0.49_3.0_0.54_0.27_0.64 0.5020106019212606 0.19637483132592226 8.166666666666666
room_reverb_Rand0.2_0.43_0.82_1.17_15.65_1.35_13.17_-0.02_2.4_0.37_0.25_0.1 0.5030074526047708 0.19652169356752738 8.25
room_reverb_Rand0.16_0.62_0.83_1.79_10.61_7.27_10.12_0.15_3.95_0.65_0.42_0.32 0.50338339849165 0.19684868208838208 8.090909090909092
room_reverb_Rand0.6_0.42_0.64_11.65_11.8_1.28_10.93_-0.61_2.38_0.63_0.68_0.48 0.5017975899888432 0.1962250124517666 8.125
room_reverb_Rand0.37_0.09_0.92_6.34_9.98_1.84_14.79_0.2_2.31_0.47_0.5_0.63 0.5016814605449558 0.19610015478582085 8.192307692307692
room_reverb_Rand0.89_0.28_0.33_1.53_3.53_10.3_15.97_0.14_3.84_0.34_0.57_0.15 0.5017645313249769 0.19609638188207587 8.285714285714286
room_reverb_Rand0.26_0.12_0.14_4.2_13.72_2.61_4.75_-0.23_3.86_0.74_0.7_0.05 0.5018764112553463 0.1958239122866738 8.233333333333333
room_reverb_Rand0.1_0.18_0.67_7.77_14.16_9.45_10.53_-0.38_2.77_0.6_0.71_0.25 0.5028456497675785 0.19652384105622844 8.125
room_reverb_Rand0.68_0.41_0.86_8.57_12.7_6.36_8.34_0.37_3.22_0.56_0.58_0.12 0.5028266057229358 0.1967218971885025 8.205882352941176
room_reverb_Rand0.06_0.05_0.61_4.78_11.76_5.76_18.67_0.2_3.95_0.64_0.6_0.73 0.5031729713888946 0.197096196278308 8.305555555555555
room_reverb_Rand0.37_0.48_0.94_8.83_15.74_6.81_7.85_-0.61_3.84_0.56_0.59_0.22 0.5032795410057257 0.19713631100989162 8.31578947368421
room_reverb_Rand0.11_0.1_0.66_5.88_10.48_8.07_12.17_-0.61_3.24_0.73_0.74_0.63 0.503912891250542 0.1973464151572442 8.275
room_reverb_Rand0.63_0.27_0.46_8.99_14.9_3.65_4.98_-0.29_1.01_0.55_0.72_0.7 0.5036122935544967 0.19718815184870433 8.285714285714286
room_reverb_Rand0.43_0.79_0.9_2.33_17.08_5.21_13.77_0.06_3.01_0.7_0.5_0.64 0.5031887716063859 0.19708074306252468 8.363636363636363
room_reverb_Rand0.67_0.36_0.39_4.36_8.8_11.59_16.62_-0.12_1.33_0.57_0.6_0.18 0.5031074890963564 0.19694951242149838 8.369565217391305
room_reverb_Rand0.21_0.4_0.78_11.56_11.62_2.5_4.39_0.31_2.44_0.65_0.63_0.67 0.5035450195772238 0.19694850328641664 8.354166666666666
room_reverb_Rand0.65_0.93_0.99_5.55_17.87_10.77_17.14_0.39_3.7_0.55_0.62_0.01 0.5035502661875582 0.19687534934779904 8.38
room_reverb_Rand0.74_0.16_0.63_3.11_12.46_8.16_18.03_-0.35_3.83_0.74_0.68_0.06 0.5032927773681702 0.19684361388831859 8.365384615384615
room_reverb_Rand0.34_0.72_0.75_5.73_9.9_9.44_15.26_-0.07_1.67_0.67_0.58_0.27 0.5036803064063242 0.1969358606332058 8.425925925925926
room_reverb_Rand0.64_0.14_0.96_2.29_10.06_7.01_17.56_-0.44_0.74_0.61_0.63_0.44 0.5036922634619138 0.19700466547211995 8.392857142857142
room_reverb_Rand0.88_0.35_0.85_2.4_3.76_6.97_16.87_0.16_0.23_0.58_0.51_0.56 0.503443864889503 0.19681685660067635 8.448275862068966
room_reverb_Rand0.09_0.23_0.42_8.28_17.36_3.23_17.25_-0.06_0.45_0.56_0.57_0.17 0.5038001636792163 0.19687497451357414 8.4
room_reverb_Rand0.79_0.4_0.91_6.74_7.59_8.68_19.84_0.03_1.45_0.51_0.56_0.72 0.5036527510053656 0.19678229821556475 8.370967741935484
room_reverb_Rand0.49_0.32_0.82_3.06_10.87_8.19_17.22_0.31_0.69_0.67_0.57_0.68 0.5034222528249345 0.19658576116774565 8.390625
room_reverb_Rand0.83_0.63_0.86_2.84_14.78_7.66_12.31_0.26_2.09_0.52_0.66_0.27 0.50322157918251 0.1965653309759088 8.409090909090908
room_reverb_Rand0.7_0.26_0.86_7.44_17.92_8.99_15.67_0.04_3.95_0.73_0.69_0.58 0.5031135801632254 0.19674043122136378 8.367647058823529
room_reverb_Rand0.98_0.25_0.89_1.52_15.41_9.01_12.09_0.2_1.74_0.65_0.74_0.29 0.5029455004252137 0.19675595216994154 8.342857142857143
room_reverb_Rand0.03_0.33_0.93_8.0_17.08_2.38_16.83_-0.33_1.91_0.53_0.56_0.44 0.5034356164546411 0.19693498334566786 8.319444444444445
room_reverb_Rand0.41_0.02_0.94_3.86_5.27_2.58_13.86_0.05_2.78_0.69_0.66_0.18 0.5033843357372222 0.19684840237972553 8.324324324324325
room_reverb_Rand0.44_0.42_0.66_11.66_17.29_5.69_12.34_-0.25_2.7_0.71_0.52_0.43 0.5031772672907214 0.1967649927644303 8.328947368421053
room_reverb_Rand0.92_0.31_0.74_4.17_16.48_8.32_19.51_0.26_1.56_0.6_0.53_0.73 0.5034069052441792 0.19679093046447604 8.346153846153847
room_reverb_Rand0.69_0.49_0.78_3.09_11.19_7.77_13.1_0.0_0.43_0.69_0.73_0.73 0.5034415739290244 0.19678303142584924 8.3125
room_reverb_Rand0.54_0.02_0.35_2.46_19.45_10.69_17.98_0.3_1.9_0.64_0.61_0.04 0.5032674489617065 0.19662959754893658 8.341463414634147
room_reverb_Rand0.92_0.21_0.34_6.88_18.59_7.11_7.49_-0.4_2.86_0.72_0.54_0.62 0.5031156397447537 0.19644134201501673 8.345238095238095
room_reverb_Rand0.17_0.09_0.23_9.66_19.21_9.37_14.49_0.37_2.06_0.67_0.53_0.67 0.5032823627268755 0.19646725277162327 8.313953488372093
room_reverb_Rand0.84_0.13_0.82_11.64_13.4_2.15_16.82_-0.09_2.54_0.52_0.64_0.29 0.5032295215657667 0.19641866248292075 8.329545454545455
room_reverb_Rand0.81_0.67_0.77_2.37_11.96_6.64_14.9_-0.2_3.45_0.67_0.69_0.64 0.5030715269439074 0.1963552719811161 8.355555555555556
room_reverb_Rand0.87_0.1_0.43_6.4_18.94_3.03_9.96_-0.23_3.09_0.68_0.72_0.64 0.5028142683879628 0.1962860101091847 8.369565217391305
room_reverb_Rand0.61_0.04_0.81_2.76_3.74_3.0_8.21_-0.4_0.91_0.52_0.74_0.12 0.5028903257997055 0.19632209294400715 8.361702127659575
room_reverb_Rand0.55_0.26_0.32_5.86_9.06_8.04_17.49_-0.01_3.72_0.51_0.62_0.14 0.502810784152667 0.1962176364084089 8.364583333333334
room_reverb_Rand0.84_0.6_0.75_10.42_18.55_7.81_18.82_-0.02_2.11_0.63_0.7_0.33 0.5027168052323342 0.1963023224485956 8.316326530612244
room_reverb_Rand0.52_0.17_0.83_4.57_14.42_5.95_17.33_-0.49_1.97_0.51_0.67_0.71 0.5027216676791508 0.19632229694510347 8.29
room_reverb_Rand0.81_0.09_0.99_8.72_14.35_7.13_15.34_0.3_2.69_0.66_0.72_0.09 0.5025014853014815 0.196152906043694 8.323529411764707
room_reverb_Rand0.44_0.66_0.95_4.88_9.64_6.6_17.13_0.36_0.45_0.66_0.55_0.53 0.5024575337046212 0.19611243318065444 8.336538461538462
room_reverb_Rand0.62_0.71_0.85_4.94_8.51_5.27_10.65_-0.11_3.8_0.72_0.66_0.56 0.5024407758526944 0.19606422330895776 8.367924528301886
room_reverb_Rand0.14_0.15_0.66_6.85_17.46_5.1_13.36_-0.0_1.86_0.71_0.55_0.02 0.502443831268291 0.1960619803357493 8.37037037037037
room_reverb_Rand0.89_0.21_0.36_10.66_12.68_9.64_17.9_-0.49_0.02_0.68_0.55_0.59 0.5022946395597991 0.1960826944175031 8.354545454545455
room_reverb_Rand0.8_0.43_0.55_11.38_18.2_7.81_13.04_0.47_2.76_0.71_0.54_0.64 0.5022498185317875 0.19604370644827104 8.339285714285714
room_reverb_Rand0.95_0.07_0.08_10.11_16.06_2.34_11.26_-0.16_1.07_0.58_0.67_0.58 0.502495364344678 0.1960995176098833 8.368421052631579
room_reverb_Rand0.27_0.07_0.62_2.29_13.71_9.22_12.62_-0.23_2.51_0.6_0.57_0.31 0.5026060644208105 0.19606014526834703 8.39655172413793
room_reverb_Rand0.0_0.64_0.97_4.1_6.29_5.68_9.39_-0.56_3.63_0.67_0.55_0.5 0.5029240533586169 0.19622909112774162 8.338983050847459
room_reverb_Rand0.86_0.64_0.68_5.81_7.75_2.99_9.54_0.25_2.52_0.63_0.74_0.71 0.5028286235874543 0.19619842878739466 8.358333333333333
room_reverb_Rand0.29_0.54_0.76_3.05_19.77_2.13_13.55_-0.41_0.65_0.64_0.65_0.27 0.5029833641274533 0.19618310352795923 8.385245901639344
room_reverb_Rand0.55_0.29_0.32_5.5_14.1_2.77_17.54_-0.35_3.84_0.66_0.5_0.73 0.5029101426904703 0.19620391356652103 8.379032258064516
room_reverb_Rand0.67_0.45_0.45_3.62_9.77_10.67_16.71_0.45_3.53_0.62_0.51_0.24 0.5028048074826016 0.19614223355584118 8.38888888888889
room_reverb_Rand0.12_0.12_0.72_10.7_12.37_7.98_16.63_-0.2_2.89_0.53_0.63_0.69 0.5028040742506242 0.19623757408474674 8.3515625
spec_augment_Rand0.92_50.6_32.47_38.73_1_1 0.5216927874493478 0.2003234657048917 8.5
spec_augment_Rand0.0_69.71_33.76_41.17_1_1 0.5277535624496877 0.20311821384225298 8.25
spec_augment_Rand0.56_75.63_25.75_60.95_1_1 0.5313834567590745 0.20216864852012534 8.833333333333334
spec_augment_Rand0.62_62.2_32.71_40.25_1_1 0.5336517490179185 0.20046186442047859 9.125
spec_augment_Rand0.93_89.9_27.26_62.21_1_1 0.5348247631356023 0.20107216908897735 9.3
spec_augment_Rand0.6_97.14_28.56_54.63_1_1 0.5325934190286864 0.2016203367619011 9.25
spec_augment_Rand0.73_92.71_35.11_37.12_1_1 0.530940331390193 0.20122567889587908 9.214285714285714
spec_augment_Rand0.44_96.96_30.83_53.0_1_1 0.5299637599475855 0.2018851127497925 9.1875
spec_augment_Rand0.4_74.25_34.26_60.5_1_1 0.5296673711543974 0.20215834634855473 9.11111111111111
spec_augment_Rand0.14_88.78_24.84_55.36_1_1 0.5296033799183234 0.20216628653490737 9.15
spec_augment_Rand0.09_92.04_27.72_64.17_1_1 0.5289783933014185 0.20165703348502764 9.227272727272727
spec_augment_Rand0.55_67.78_23.34_36.84_1_1 0.5277836809415279 0.2015561631591045 9.208333333333334
spec_augment_Rand0.74_86.67_22.29_52.14_1_1 0.5280120465672989 0.20159924267901141 9.153846153846153
spec_augment_Rand0.03_64.72_27.39_38.33_1_1 0.5280081305841692 0.2014768472143983 9.107142857142858
spec_augment_Rand0.91_77.35_33.55_45.22_1_1 0.5279872641223728 0.20142235596609143 9.1
spec_augment_Rand0.24_82.34_29.37_43.54_1_1 0.5277569443947286 0.2011290008990794 9.09375
spec_augment_Rand0.56_98.09_39.95_51.56_1_1 0.5282649088387384 0.2014180093158264 9.029411764705882
spec_augment_Rand0.99_82.27_25.66_52.83_1_1 0.5283214059209524 0.20141019883347344 9.027777777777779
spec_augment_Rand0.41_91.39_36.03_56.28_1_1 0.5282647383804228 0.20147462295554047 9.078947368421053
spec_augment_Rand0.85_76.3_39.95_61.53_1_1 0.5279314065944171 0.20134408430651157 9.125
spec_augment_Rand0.67_81.78_28.73_57.78_1_1 0.5280220571563473 0.2014266480487858 9.142857142857142
spec_augment_Rand0.64_56.29_25.65_46.64_1_1 0.528054376140011 0.20122102708179748 9.136363636363637
spec_augment_Rand0.7_80.06_27.51_44.95_1_1 0.5278550351914669 0.20113439058262297 9.152173913043478
spec_augment_Rand0.83_86.58_26.95_47.84_1_1 0.5272387478394467 0.2009890355813461 9.166666666666666
spec_augment_Rand0.09_86.53_33.62_61.08_1_1 0.5272304402767263 0.20115708537537852 9.12
spec_augment_Rand0.64_94.13_37.56_42.45_1_1 0.5272603742632905 0.20119412165139666 9.153846153846153
spec_augment_Rand0.12_50.67_39.06_46.39_1_1 0.5277061015256174 0.20129279000023462 9.11111111111111
spec_augment_Rand0.62_81.82_36.32_36.79_1_1 0.5277404789525798 0.20117300692860116 9.089285714285714
spec_augment_Rand0.74_91.34_30.5_62.88_1_1 0.5278337292963512 0.20099825958458817 9.086206896551724
spec_augment_Rand0.65_92.55_32.2_46.46_1_1 0.5276517742450907 0.20093893026651583 9.1
spec_augment_Rand0.81_64.45_28.83_47.39_1_1 0.5280406364356844 0.20129473377187174 9.03225806451613
spec_augment_Rand0.08_74.06_39.77_37.55_1_1 0.5281275942423392 0.20138252742537724 9.015625
spec_augment_Rand0.15_91.82_22.17_38.19_1_1 0.5278045217024854 0.20124377791283765 9.015151515151516
spec_augment_Rand0.67_85.34_22.03_61.93_1_1 0.5277655001223079 0.20131922281675207 9.0
spec_augment_Rand0.63_53.76_23.67_54.85_1_1 0.5279577400881258 0.2014225627250197 8.985714285714286
spec_augment_Rand0.69_72.18_22.45_45.03_1_1 0.5276982065468115 0.2013548764968049 9.01388888888889
spec_augment_Rand0.69_99.58_33.23_64.49_1_1 0.5276737903169465 0.2013017445921119 9.027027027027026
spec_augment_Rand0.52_72.95_30.3_49.08_1_1 0.527535943441619 0.20137572206059645 8.986842105263158
spec_augment_Rand0.09_73.63_24.11_56.39_1_1 0.5275223392726057 0.20147251129099733 9.0
spec_augment_Rand0.67_78.81_26.88_56.34_1_1 0.5277681873196806 0.2014554685259884 9.025
spec_augment_Rand0.69_73.96_31.37_54.87_1_1 0.5277216103431719 0.2014029632808421 9.048780487804878
spec_augment_Rand0.36_58.41_20.12_54.69_1_1 0.527673493606018 0.2014284722775188 9.011904761904763
spec_augment_Rand0.45_61.05_28.09_41.19_1_1 0.5278074728568832 0.20145790023616297 8.976744186046512
spec_augment_Rand0.51_85.49_29.91_46.88_1_1 0.5278474350320029 0.2014346459046073 8.954545454545455
spec_augment_Rand0.71_68.46_39.32_51.55_1_1 0.5280495017312999 0.20148965473203542 8.977777777777778
spec_augment_Rand0.93_93.38_22.64_63.53_1_1 0.527962016586955 0.20139807419699257 8.978260869565217
spec_augment_Rand0.42_52.83_38.18_57.34_1_1 0.5278224222973686 0.20126609434552914 9.0
spec_augment_Rand0.41_74.94_28.69_40.02_1_1 0.5277418163654136 0.20123403056585856 9.0
spec_augment_Rand0.16_51.31_38.96_51.52_1_1 0.5277429930661938 0.20129646248315528 8.979591836734693
spec_augment_Rand0.12_56.98_23.57_63.38_1_1 0.5276676599892007 0.2013130014011273 8.99