spec_augment_Rand0.92_50.6_32.47_38.73_1_1, 0.5216927874493478, 0.2003234657048917, 8.5
spec_augment_Rand0.0_69.71_33.76_41.17_1_1, 0.5277535624496877, 0.20311821384225298, 8.25
spec_augment_Rand0.56_75.63_25.75_60.95_1_1, 0.5313834567590745, 0.20216864852012534, 8.833333333333334
spec_augment_Rand0.62_62.2_32.71_40.25_1_1, 0.5336517490179185, 0.20046186442047859, 9.125
spec_augment_Rand0.93_89.9_27.26_62.21_1_1, 0.5348247631356023, 0.20107216908897735, 9.3
spec_augment_Rand0.6_97.14_28.56_54.63_1_1, 0.5325934190286864, 0.2016203367619011, 9.25
spec_augment_Rand0.73_92.71_35.11_37.12_1_1, 0.530940331390193, 0.20122567889587908, 9.214285714285714
spec_augment_Rand0.44_96.96_30.83_53.0_1_1, 0.5299637599475855, 0.2018851127497925, 9.1875
spec_augment_Rand0.4_74.25_34.26_60.5_1_1, 0.5296673711543974, 0.20215834634855473, 9.11111111111111
spec_augment_Rand0.14_88.78_24.84_55.36_1_1, 0.5296033799183234, 0.20216628653490737, 9.15
spec_augment_Rand0.09_92.04_27.72_64.17_1_1, 0.5289783933014185, 0.20165703348502764, 9.227272727272727
spec_augment_Rand0.55_67.78_23.34_36.84_1_1, 0.5277836809415279, 0.2015561631591045, 9.208333333333334
spec_augment_Rand0.74_86.67_22.29_52.14_1_1, 0.5280120465672989, 0.20159924267901141, 9.153846153846153
spec_augment_Rand0.03_64.72_27.39_38.33_1_1, 0.5280081305841692, 0.2014768472143983, 9.107142857142858
spec_augment_Rand0.91_77.35_33.55_45.22_1_1, 0.5279872641223728, 0.20142235596609143, 9.1
spec_augment_Rand0.24_82.34_29.37_43.54_1_1, 0.5277569443947286, 0.2011290008990794, 9.09375
spec_augment_Rand0.56_98.09_39.95_51.56_1_1, 0.5282649088387384, 0.2014180093158264, 9.029411764705882
spec_augment_Rand0.99_82.27_25.66_52.83_1_1, 0.5283214059209524, 0.20141019883347344, 9.027777777777779
spec_augment_Rand0.41_91.39_36.03_56.28_1_1, 0.5282647383804228, 0.20147462295554047, 9.078947368421053
spec_augment_Rand0.85_76.3_39.95_61.53_1_1, 0.5279314065944171, 0.20134408430651157, 9.125
spec_augment_Rand0.67_81.78_28.73_57.78_1_1, 0.5280220571563473, 0.2014266480487858, 9.142857142857142
spec_augment_Rand0.64_56.29_25.65_46.64_1_1, 0.528054376140011, 0.20122102708179748, 9.136363636363637
spec_augment_Rand0.7_80.06_27.51_44.95_1_1, 0.5278550351914669, 0.20113439058262297, 9.152173913043478
spec_augment_Rand0.83_86.58_26.95_47.84_1_1, 0.5272387478394467, 0.2009890355813461, 9.166666666666666
spec_augment_Rand0.09_86.53_33.62_61.08_1_1, 0.5272304402767263, 0.20115708537537852, 9.12
spec_augment_Rand0.64_94.13_37.56_42.45_1_1, 0.5272603742632905, 0.20119412165139666, 9.153846153846153 
spec_augment_Rand0.12_50.67_39.06_46.39_1_1, 0.5277061015256174, 0.20129279000023462, 9.1111111111111
spec_augment_Rand0.62_81.82_36.32_36.79_1_1, 0.5277404789525798, 0.20117300692860116, 9.089285714285714
spec_augment_Rand0.74_91.34_30.5_62.88_1_1, 0.5278337292963512, 0.20099825958458817, 9.086206896551724
spec_augment_Rand0.65_92.55_32.2_46.46_1_1, 0.5276517742450907, 0.20093893026651583, 9.1
spec_augment_Rand0.81_64.45_28.83_47.39_1_1, 0.5280406364356844, 0.20129473377187174, 9.03225806451613
spec_augment_Rand0.08_74.06_39.77_37.55_1_1, 0.5281275942423392, 0.20138252742537724, 9.015625
spec_augment_Rand0.15_91.82_22.17_38.19_1_1, 0.5278045217024854, 0.20124377791283765, 9.015151515151516
spec_augment_Rand0.67_85.34_22.03_61.93_1_1, 0.5277655001223079, 0.20131922281675207, 9.0
spec_augment_Rand0.63_53.76_23.67_54.85_1_1, 0.5279577400881258, 0.2014225627250197, 8.985714285714286
spec_augment_Rand0.69_72.18_22.45_45.03_1_1, 0.5276982065468115, 0.2013548764968049, 9.01388888888889
spec_augment_Rand0.69_99.58_33.23_64.49_1_1, 0.5276737903169465, 0.2013017445921119, 9.027027027027026
spec_augment_Rand0.52_72.95_30.3_49.08_1_1, 0.527535943441619, 0.20137572206059645, 8.986842105263158
spec_augment_Rand0.09_73.63_24.11_56.39_1_1, 0.5275223392726057, 0.20147251129099733, 9.0 
spec_augment_Rand0.67_78.81_26.88_56.34_1_1, 0.5277681873196806, 0.2014554685259884, 9.025 
spec_augment_Rand0.69_73.96_31.37_54.87_1_1, 0.5277216103431719, 0.2014029632808421, 9.048780487804878 
spec_augment_Rand0.36_58.41_20.12_54.69_1_1, 0.527673493606018, 0.2014284722775188, 9.011904761904763
spec_augment_Rand0.45_61.05_28.09_41.19_1_1, 0.5278074728568832, 0.20145790023616297, 8.976744186046512
spec_augment_Rand0.51_85.49_29.91_46.88_1_1, 0.5278474350320029, 0.2014346459046073, 8.954545454545455 
spec_augment_Rand0.71_68.46_39.32_51.55_1_1, 0.5280495017312999, 0.20148965473203542, 8.977777777777778 
spec_augment_Rand0.93_93.38_22.64_63.53_1_1, 0.527962016586955, 0.20139807419699257, 8.978260869565217 
spec_augment_Rand0.42_52.83_38.18_57.34_1_1, 0.5278224222973686, 0.20126609434552914, 9.0 
spec_augment_Rand0.41_74.94_28.69_40.02_1_1, 0.5277418163654136, 0.20123403056585856, 9.0 
spec_augment_Rand0.16_51.31_38.96_51.52_1_1, 0.5277429930661938, 0.20129646248315528, 8.979591836734693 
spec_augment_Rand0.12_56.98_23.57_63.38_1_1, 0.5276676599892007, 0.2013130014011273, 8.99